test/test_001
1
724 401 356 229 120
test/test_002
1
794 686 367 207 120
test/test_003
1
776 720 428 228 120
test/test_004
1
855 516 415 237 120
test/test_005
1
727 667 404 242 120
test/test_006
1
759 612 408 238 120
test/test_007
1
923 671 281 252 120
test/test_008
1
960 369 269 272 120
test/test_009
1
1261 585 285 243 120
test/test_010
1
830 437 270 250 120
test/test_011
1
792 798 256 274 120
test/test_012
1
889 495 231 261 120
test/test_013
1
753 654 269 214 120
test/test_014
1
949 609 278 252 120
test/test_015
1
586 417 274 247 120
test/test_016
1
587 187 272 343 120
test/test_017
1
416 797 248 283 120
test/test_018
1
655 594 398 238 120
test/test_019
1
855 208 378 267 120
test/test_020
1
1286 432 399 277 120
test/test_021
1
760 400 416 361 120
test/test_022
1
774 732 397 290 120
test/test_023
1
896 87 368 255 120
test/test_024
1
809 406 361 321 120
test/test_025
1
644 639 368 241 120
test/test_026
1
839 608 447 305 120
test/test_027
1
801 352 373 252 120
test/test_028
1
945 495 382 258 120
test/test_029
1
993 626 412 253 120
test/test_030
1
978 289 345 219 120
test/test_031
1
993 560 385 252 120
test/test_032
1
759 527 367 221 120
test/test_033
1
733 295 369 250 120
test/test_034
1
742 593 370 219 120
test/test_035
1
1052 661 342 228 120
test/test_036
1
635 586 354 236 120
test/test_037
1
960 567 363 227 120
test/test_038
1
631 386 362 246 120
test/test_039
1
945 520 382 200 120
test/test_040
1
486 630 356 237 120
test/test_041
1
672 412 352 229 120
