test/test_001
1
717 382 385 289 82
test/test_002
3
280 559 87 65 38
407 409 358 268 51
802 669 357 267 30
test/test_003
5
432 527 311 233 53
739 606 497 372 40
102 650 492 369 58
404 459 500 374 56
167 725 72 54 16
test/test_004
5
478 254 313 235 34
563 208 814 610 60
1126 622 119 90 17
317 390 90 67 37
222 617 165 124 15
test/test_005
4
262 301 471 353 30
1506 640 100 75 5
204 429 150 112 17
999 781 119 90 16
test/test_006
4
399 365 325 244 34
746 578 453 339 48
389 316 492 369 50
224 511 86 64 37
test/test_007
3
917 659 327 245 97
34 432 307 230 19
1655 379 116 88 11
test/test_008
3
957 374 290 218 85
877 310 590 443 92
1040 95 83 62 5
test/test_009
2
1351 574 180 135 11
1264 526 410 308 12
test/test_010
1
803 417 352 264 65
test/test_011
3
787 795 292 219 51
503 536 375 280 54
1479 480 111 84 8
test/test_012
2
873 516 295 221 23
1558 106 113 85 12
test/test_013
2
740 613 324 243 37
1469 405 96 72 13
test/test_014
3
938 591 356 267 75
115 709 248 186 19
1336 472 227 170 28
test/test_015
4
466 151 839 630 94
584 405 264 198 84
1512 205 114 86 5
1723 754 172 129 6
test/test_016
0
test/test_017
1
384 824 315 236 12
test/test_018
4
184 655 299 224 19
1721 301 105 79 5
78 365 364 272 25
636 548 448 336 57
test/test_019
3
284 17 282 211 13
91 161 89 66 12
858 192 399 299 70
test/test_020
3
510 544 82 62 9
444 838 112 84 17
1354 403 352 264 68
test/test_021
4
1368 290 357 267 7
805 413 207 156 13
356 98 206 155 7
804 107 92 68 9
test/test_022
3
782 707 421 315 54
219 505 318 238 26
29 644 85 64 11
test/test_023
2
871 58 434 325 56
55 82 285 214 16
test/test_024
1
756 394 438 328 22
test/test_025
1
578 542 513 385 28
test/test_026
5
239 326 476 357 39
705 245 976 732 69
847 623 381 286 44
267 393 281 211 31
74 512 86 64 15
test/test_027
5
206 71 306 230 29
782 331 439 329 21
732 47 799 599 34
772 342 295 221 21
14 196 90 68 7
test/test_028
4
14 654 173 130 12
76 312 93 70 18
264 172 320 240 40
918 475 471 353 22
test/test_029
6
1325 280 83 62 9
413 286 289 217 61
971 599 468 351 21
98 834 150 112 18
230 422 87 65 25
101 475 111 84 13
test/test_030
2
991 268 352 264 78
1785 629 119 90 8
test/test_031
9
579 223 303 228 48
263 536 514 385 18
961 527 483 362 26
416 369 83 62 24
265 342 127 96 21
254 421 108 82 22
1512 411 104 78 8
1448 200 83 62 6
58 763 150 112 9
test/test_032
7
476 576 227 170 26
461 295 300 225 61
118 453 450 337 75
729 492 339 254 59
97 463 83 62 18
299 440 82 62 25
102 510 46 35 17
test/test_033
2
738 304 266 200 13
158 34 86 64 8
test/test_034
2
154 351 336 252 35
1772 344 120 90 9
test/test_035
5
370 310 485 364 51
434 354 315 236 44
1352 345 83 62 9
998 695 248 186 12
258 494 81 61 28
test/test_036
2
316 579 58 43 6
50 227 233 175 10
test/test_037
5
580 199 346 259 40
429 344 81 61 22
221 486 558 418 36
247 392 116 87 28
1487 416 107 81 12
test/test_038
0
test/test_039
8
766 277 312 234 32
1085 506 297 223 34
359 499 48 36 22
588 431 88 66 32
284 351 616 462 71
267 446 357 267 45
805 332 616 462 60
912 534 229 172 30
test/test_040
3
471 618 386 290 88
1404 550 241 181 31
1602 737 166 125 15
test/test_041
3
654 391 381 286 108
1161 46 430 322 25
1586 240 227 170 18
